307770
380946
380548
322302
380634
380894
320940
300346
300119
380720
322335
353489
380645
380281
380913
321723
380689
325213
307123
321767
380526
351607
380827
380731
377090
305880
336310
300539
313849
300647
312248
322540
307350
300614
305749
380366
380571
380441
325365
339050
325268
328168
351629
380582
313582
328760
322001
313009
325990
300528
300465
300506
328209
300658
353100
331489
339016
380838
305299
320984
300012
331768
334851
306500
300335
344443
339072
320627
380797
300584
380816
351254
339500
380106
380883
320371
320478
351005
300023
380377
322313
322001
334840
380872
380418
380742
322959
322539